2
197
190
196
167
171
78
148
299
205
254
241
23
287
102
207
3
68
290
159
29
99
285
264
101
175
11
275
231
36
54
173
209
20
146
100
147
26
70
233
252
50
113
165
295
284
97
73
94
90
251
230
168
41
132
262
238
48
150
27
106
187
12
116
300
229
200
271
87
224
115
141
67
212
86
138
134
259
249
208
279
195
5
261
240
153
44
267
258
85
38
84
160
294
66
227
250
166
53
47
181
278
6
121
274
28
185
93
130
217
276
13
114
59
246
74
83
247
79
216
239
135
125
71
182
272
62
108
293
136
156
16
174
129
191
194
57
32
126
124
33
244
203
235
164
256
92
245
265
118
65
60
163
56
269
242
96
281
37
4
268
243
162
35
154
8
184
151
107
14
15
270
213
2
152
19
292
18
30
127
120
24
218
226
119
31
199
75
139
51
288
131
237
169
280
161
221
260
128
21
228